{
 "cells": [
  {
   "cell_type": "code",
   "execution_count": 25,
   "id": "a3669729",
   "metadata": {},
   "outputs": [],
   "source": [
    "import numpy as np"
   ]
  },
  {
   "cell_type": "code",
   "execution_count": 50,
   "id": "f080e1ed",
   "metadata": {},
   "outputs": [],
   "source": [
    "which = 1\n",
    "whichs = str(which)\n",
    "infile=\"/home/craig/programs/rtlstm/test_kickz/densities/rho_\"+whichs+\".npy\"\n",
    "d = np.load(infile)\n",
    "s=np.load(\"/home/craig/programs/rtlstm/test_kickz/densities/density_series.npy\",allow_pickle=True).item()\n",
    "p =np.load(\"/home/craig/programs/rtlstm/test_kickz/predicted_dynamics.npy\")"
   ]
  },
  {
   "cell_type": "code",
   "execution_count": null,
   "id": "bf4b625d",
   "metadata": {},
   "outputs": [
    {
     "name": "stdout",
     "output_type": "stream",
     "text": [
      "[[0.1156959  0.10661065 0.11563289 0.10536944]\n",
      " [0.10661065 0.09830489 0.10649873 0.09697993]\n",
      " [0.11563289 0.10649873 0.11561383 0.10540596]\n",
      " [0.10536944 0.09697993 0.10540596 0.09616544]]\n",
      "[[0.1156959  0.10661065 0.11563289 0.10536944]\n",
      " [0.10661065 0.09830489 0.10649873 0.09697993]\n",
      " [0.11563289 0.10649873 0.11561383 0.10540596]\n",
      " [0.10536944 0.09697993 0.10540596 0.09616544]]\n"
     ]
    },
    {
     "data": {
      "text/plain": [
       "array([[0., 0., 0., 0.],\n",
       "       [0., 0., 0., 0.],\n",
       "       [0., 0., 0., 0.],\n",
       "       [0., 0., 0., 0.]])"
      ]
     },
     "execution_count": 51,
     "metadata": {},
     "output_type": "execute_result"
    }
   ],
   "source": [
    "print(d.real)\n",
    "print(s['density'][which][0].real)\n",
    "d.real-s['density'][which][0].real"
   ]
  },
  {
   "cell_type": "code",
   "execution_count": 24,
   "id": "d0e06bfb",
   "metadata": {},
   "outputs": [
    {
     "name": "stdout",
     "output_type": "stream",
     "text": [
      "[[[0.11351537 0.10249693 0.11561217 0.10748786]\n",
      "  [0.10249693 0.09254923 0.10438268 0.09704635]\n",
      "  [0.11561217 0.10438268 0.11779339 0.10952275]\n",
      "  [0.10748786 0.09704635 0.10952275 0.10183387]]\n",
      "\n",
      " [[0.         0.         0.         0.        ]\n",
      "  [0.         0.         0.         0.        ]\n",
      "  [0.         0.         0.         0.        ]\n",
      "  [0.         0.         0.         0.        ]]]\n"
     ]
    }
   ],
   "source": [
    "print(p.real[which])"
   ]
  },
  {
   "cell_type": "code",
   "execution_count": 20,
   "id": "b26876b0",
   "metadata": {},
   "outputs": [],
   "source": [
    "isReal = True"
   ]
  },
  {
   "cell_type": "code",
   "execution_count": 21,
   "id": "466b8ba8",
   "metadata": {},
   "outputs": [
    {
     "data": {
      "text/plain": [
       "10"
      ]
     },
     "execution_count": 21,
     "metadata": {},
     "output_type": "execute_result"
    }
   ],
   "source": [
    "a = 10 if isReal else 20\n",
    "a"
   ]
  },
  {
   "cell_type": "code",
   "execution_count": null,
   "id": "2ef86753",
   "metadata": {},
   "outputs": [],
   "source": []
  }
 ],
 "metadata": {
  "kernelspec": {
   "display_name": "pyvenv",
   "language": "python",
   "name": "python3"
  },
  "language_info": {
   "codemirror_mode": {
    "name": "ipython",
    "version": 3
   },
   "file_extension": ".py",
   "mimetype": "text/x-python",
   "name": "python",
   "nbconvert_exporter": "python",
   "pygments_lexer": "ipython3",
   "version": "3.12.3"
  }
 },
 "nbformat": 4,
 "nbformat_minor": 5
}
